1 00900U 64063C   26240.49199215  .00000500  00000+0  49793-3 0  9991
2 00900  90.2173  73.4489 0027955  74.4858  11.8478 13.76689416 81371
1 00902U 64063E   26240.51168106  .00000056  00000+0  71238-4 0  9997
2 00902  90.2290  77.5019 0019356  23.1385  40.2028 13.52905009866044
1 01361U 65034C   26240.57279406  .00000004  00000+0 -55981-3 0  9998
2 01361  32.1463   5.1557 0011609  18.0045 342.0862  9.89310599217053
1 01512U 65065E   26239.42687831  .00000028  00000+0  36421-4 0  9991
2 01512  90.0022 212.6009 0071325  49.6730  69.4594 13.33597523969542
1 01520U 65065H   26240.62564801  .00000097  00000+0  16966-3 0  9992
2 01520  89.8936 121.7657 0067873 259.3148 131.8584 13.36288911972386
1 02826U 67053A   26240.52408784  .00006332  00000+0  87520-3 0  9999
2 02826  69.9147 220.8709 0004489 281.3463  78.7181 14.78524972 76921
1 02866U 67066E   26240.61154427 -.00000099  00000+0  00000+0 0  9998
2 02866   2.7867  94.2484 0051544 214.5579 121.0301  1.09426059131826
1 02872U 67053F   26240.26834196  .00000036  00000+0  61549-4 0  9990
2 02872  69.9729 205.6086 0006470 357.2086   2.8984 13.99616774 20295
1 02874U 67053H   26240.59166940  .00000021  00000+0  53436-4 0  9993
2 02874  69.9757 320.1125 0004652 107.9406 252.2207 13.96837223 16904
1 05398U 71067E   26240.56557638  .00000453  00000+0  14124-3 0  9991
2 05398  87.6241 318.7227 0059324 354.9758   5.0837 14.37943464884287
1 07530U 74089B   26240.54302449 -.00000030  00000+0  99865-4 0  9992
2 07530 101.9921 254.5462 0012219 355.0665 172.4366 12.53699343369588
1 07646U 75010A   26240.60009949 -.00000145  00000+0 -27684-5 0  9990
2 07646  49.8238 178.7683 0205719 302.2744  55.8365 13.82351494604557
1 08820U 76039A   26240.02034604  .00000004  00000+0  00000+0 0  9998
2 08820 109.8127 203.9165 0044636 286.8673 234.2461  6.38664800917726
1 14129U 83058B   26234.88657270 -.00000310  00000+0  00000+0 0  9994
2 14129  25.9661 208.6277 5988982 133.9728 294.5118  2.05871966296867
1 14781U 84021B   26239.83455849  .00001399  00000+0  14734-3 0  9997
2 14781  97.8135 204.6446 0006435 316.8259  43.2453 14.90951547267803
1 16908U 86061A   26240.59439382 -.00000064  00000+0  23288-3 0  9998
2 16908  50.0090 284.7488 0011224   4.9812 163.6602 12.44517189489406
1 19548U 88091B   26240.17524428 -.00000293  00000+0  00000+0 0  9993
2 19548  12.5485 340.5136 0036793 352.6995  17.1818  1.00264911126114
1 19751U 89001C   26240.23676378  .00000035  00000+0  00000+0 0  9993
2 19751  64.9911  69.7332 0023379 217.3994 315.4164  2.13156051292904
1 20026U 89039C   26240.35004432 -.00000015  00000+0  00000+0 0  9999
2 20026  64.8863 308.0474 0020855 212.2441 217.6759  2.13204682290049
1 20253U 89077A   26239.70847848 -.00000363  00000+0  00000+0 0  9992
2 20253  12.4025 350.7231 0001502 156.9881 208.6452  1.00260990261288
1 20442U 90005G   26240.53158930  .00000083  00000+0  46212-4 0  9993
2 20442  98.8838 264.3245 0011458 359.6980   0.4195 14.34140509912768
1 20580U 90037B   26240.55771251  .00005820  00000+0  17845-3 0  9993
2 20580  28.4732 305.6703 0001659 216.3861 143.6623 15.31487121799671
1 21639U 91054B   26240.56712354  .00000091  00000+0  00000+0 0  9995
2 21639  14.0626 353.2301 0008515 246.7670 133.2951  1.00273754128442
1 22195U 92070B   26233.39763818 -.00000009  00000+0  00000+0 0  9996
2 22195  52.6388 225.4441 0138023 215.8899 299.2312  6.47294115799646
1 22314U 93003B   26239.95045375 -.00000290  00000+0  00000+0 0  9997
2 22314  14.1847 356.5158 0010188 195.8331  79.8274  1.00263755123125
1 22490U 93009B   26240.01943317  .00000399  00000+0  57932-4 0  9990
2 22490  24.9690 124.0444 0041953 178.0466 324.7693 14.46144291771524
1 22787U 93056A   26239.97454687  .00000130  00000+0  00000+0 0  9993
2 22787  11.9208   3.1456 0001104 250.0258 102.5052  1.00270861119265
1 22824U 93061B   26240.61970491 -.00000036  00000+0  37268-5 0  9998
2 22824  98.7664 305.1090 0006945  34.6164 134.5901 14.27472053715108
1 22825U 93061C   26240.16083942  .00000072  00000+0  44375-4 0  9990
2 22825  98.6822 307.5271 0007329 245.8416 114.2000 14.30957859717297
1 22826U 93061D   26240.60807584  .00000074  00000+0  44881-4 0  9990
2 22826  98.6770 307.8989 0008053 225.6207 134.4317 14.31386533717671
1 23439U 94085A   26240.57494414 -.00000058  00000+0 -44520-3 0  9991
2 23439  64.8156 186.1420 0158594 350.7607   9.0409 11.27584056304069
1 23467U 95003A   26240.64572956 -.00000016  00000+0  00000+0 0  9993
2 23467   9.6846  12.8427 0002655 143.9613 224.8073  1.00275022115682
1 23613U 95035B   26240.62731319 -.00000233  00000+0  00000+0 0  9990
2 23613  13.3072 347.6829 0011954  97.3776 206.6743  1.00277979113972
1 23712U 95060A   26240.35931230 -.00000197  00000+0  00000+0 0  9991
2 23712  14.0983   3.1959 0006720 147.4904 225.2968  1.00274047 33615
1 23802U 96013A   26239.66966289  .00000229  00000+0  00000+0 0  9999
2 23802  79.9583 226.1948 6543353 206.6287  94.8024  1.29845830145782
1 23839U 96020A   26240.59456957  .00000061  00000+0  00000+0 0  9991
2 23839  10.7491  45.9454 0006130 135.6813 199.1234  0.99997851110971
1 23893U 96029A   26240.60343972  .00000679  00000+0  12598-3 0  9998
2 23893  63.3202   2.5230 0854770  50.3443 316.9878 13.46476863115024
1 24278U 96046B   26240.09953045  .00000004  00000+0  42831-4 0  9992
2 24278  98.5185  79.1140 0348799 269.8259  86.2918 13.53277379482896
1 24307U 96053A   26240.55396675 -.00000030  00000+0  00000+0 0  9991
2 24307  10.0165  53.1790 0005778  99.8231  98.4939  0.99975104109641
1 24674U 96070A   26240.31937652 -.00000244  00000+0  00000+0 0  9994
2 24674  10.4709  48.9378 0005057 135.0731 238.0802  0.99998056108638
1 24876U 97035A   26239.99729920  .00000032  00000+0  00000+0 0  9993
2 24876  56.0345  95.7666 0105425  58.5287 302.5984  2.00564285213394
1 24920U 97047A   26240.31504603  .00000104  00000+0  64997-4 0  9993
2 24920  69.9518 211.0979 0022071 187.5942 172.4850 14.27968974508988
1 25019U 97065A   26240.51890016 -.00000059  00000+0  00000+0 0  9991
2 25019  12.8690  21.1609 0001751 276.1411 114.1933  1.00272337 33687
1 25118U 97084G   26238.52565039  .00001254  00000+0  37545-3 0  9999
2 25118  45.0137  74.0578 0000124 181.9957 200.2334 14.47709131504580
1 25153U 98006B   26240.38576345 -.00000287  00000+0  00000+0 0  9990
2 25153   9.8490  52.5149 0004662 105.9734 263.0438  1.00273166104626
1 25159U 98007C   26240.15615746  .00000624  00000+0  25851-3 0  9990
2 25159 107.9611 317.5465 0041482 202.5767 157.3549 14.35839582486929
1 25160U 98007D   26240.60623927 -.00000026  00000+0  45506-4 0  9999
2 25160 108.0092 118.5749 0061873   7.7717  22.7571 14.22502180480815
1 25397U 98043D   26240.27387030  .00000040  00000+0  37403-4 0  9998
2 25397  99.0131 234.8710 0001854  44.6044 315.5283 14.24440197461594
1 25398U 98043E   26240.19543179 -.00000020  00000+0  12028-4 0  9993
2 25398  99.0212 227.9715 0001778  41.3237 318.8075 14.23056823461184
1 25415U 98046C   26239.51070219  .00000724  00000+0  27487-3 0  9994
2 25415  44.9930 264.5029 0005648 290.4500 224.5698 14.39609125467057
1 25416U 98046D   26240.39887327  .00000417  00000+0  18267-3 0  9994
2 25416  44.9934 269.0073 0003061 275.1888  84.8610 14.38151766467184
1 25481U 98053G   26239.68572979  .00000824  00000+0  30870-3 0  9994
2 25481  45.0067 355.7263 0002200 215.8720 144.1981 14.39251955460534
1 25504U 98060A   26240.52392106  .00000345  00000+0  45408-4 0  9997
2 25504  24.9964 346.0528 0016757 166.7750 286.7950 14.45547293470808
1 25544U 98067A   26239.53072227  .00008959  00000+0  16667-3 0  9999
2 25544  51.6325 306.9725 0007720  89.1136 271.0737 15.49656235582817
1 25560U 98071A   26239.83356316  .00003106  00000+0  19720-3 0  9991
2 25560  69.8951  42.7013 0004658 173.5838 186.5387 15.09989928508082
1 25575U 98069F   26239.53072227  .00008959  00000+0  16667-3 0  9995
2 25575  51.6325 306.9725 0007720  89.1136 271.0737 15.49656235583205
1 25757U 99029B   26240.28346611  .00000069  00000+0  28845-4 0  9995
2 25757  98.6753 238.1795 0015094 128.1463 232.1094 14.52441777443717
1 25867U 99040B   26243.42351856  .00001012  00000+0  00000+0 0  9993
2 25867  57.2067 114.6885 7725387 309.5180   0.6064  0.37807690 17605
1 25924U 99053A   26240.62803677 -.00000119  00000+0  00000+0 0  9991
2 25924   0.0649 266.9651 0003163 236.6639 218.2777  1.00272641 98561
1 25933U 99055A   26240.62293826 -.00000015  00000+0  00000+0 0  9997
2 25933  51.3970 292.2935 0105378 179.3494 204.9115  2.00558652197037
1 25967U 99063A   26240.24934956 -.00000183  00000+0  00000+0 0  9993
2 25967   9.8939  26.8159 0003345 180.0590 196.5746  1.00271495 98079
1 25982U 99065C   26240.58450301  .00000610  00000+0  25045-3 0  9990
2 25982  45.0140 190.5305 0005857  38.8542 321.2726 14.37218716397507
1 25989U 99066A   26241.15261303  .00000181  00000+0  00000+0 0  9997
2 25989  64.1037 282.0428 4655771  63.5985   0.0586  0.50122149 23371
1 25994U 99068A   26240.62474847  .00000297  00000+0  69403-4 0  9990
2 25994  97.9398 287.2778 0002650  33.9014 117.3929 14.61150942420180
1 26107U 00016A   26240.48855053 -.00000330  00000+0  00000+0 0  9990
2 26107   9.2926  57.3563 0004035 104.5993  95.6322  1.00269528 96643
1 26113U 00017A   26237.05184737  .00000121  00000+0  00000+0 0  9998
2 26113  94.2776 316.2484 7387332 280.0896  11.2642  1.68668073162666
1 26356U 00024A   26238.54003094  .00000098  00000+0  00000+0 0  9999
2 26356  13.2231  11.3349 0000877 209.9581 142.6031  1.00277238 33613
1 26388U 00034A   26240.41332356 -.00000191  00000+0  00000+0 0  9995
2 26388  12.7961  30.6939 0002253  76.1215 103.4337  1.00274240 95903
1 26400U 00037A   26239.53072227  .00008959  00000+0  16667-3 0  9991
2 26400  51.6325 306.9725 0007720  89.1136 271.0737 15.49656235583247
1 26407U 00040A   26240.63329490  .00000038  00000+0  00000+0 0  9992
2 26407  54.8424 212.2861 0118985 303.4574  88.8318  2.00558205191406
1 26410U 00041A   26228.35648488  .00204628 -13535-2  00000+0 0  9995
2 26410 149.5559  61.8704 9119992 279.7536 359.6603  0.44877167 20578
1 26464U 00045B   26238.19592919  .00357125 -22476-2  00000+0 0  9993
2 26464 149.5891  64.7882 9133341 282.6559   2.0484  0.44543471 20627
1 26554U 00059A   26240.62577666  .00000025  00000+0  00000+0 0  9990
2 26554   2.3062  80.4695 0002917  80.8123 216.8447  1.00268936 42014
1 26575U 00065A   26240.42876340 -.00000319  00000+0  00000+0 0  9996
2 26575  11.7474  34.7998 0001870 118.4879 112.1924  1.00273903 33657
1 26580U 00067A   26240.60815667  .00000089  00000+0  00000+0 0  9992
2 26580   0.3307  83.9475 0004167  74.1085 262.6627  1.00272286 94614
1 26605U 00071A   26240.42932049  .00000031  00000+0  00000+0 0  9996
2 26605  55.6688  92.1006 0173929 266.8997 264.1646  2.00562273188963
1 26700U 01006B   26239.53072227  .00008959  00000+0  16667-3 0  9991
2 26700  51.6325 306.9725 0007720  89.1136 271.0737 15.49656235583284
1 26715U 01009A   26240.60218253  .00000115  00000+0  00000+0 0  9997
2 26715  11.6215  19.2923 0042535 179.0253 205.2545  1.00270318 33675
1 26720U 01011B   26240.25220957 -.00000205  00000+0  00000+0 0  9992
2 26720  10.8829  46.8055 0005701 180.8649 190.9376  0.99181255 92695
1 26857U 01026A   26240.33553299  .00000010  00000+0  00000+0 0  9999
2 26857  44.8145 228.6360 0013806  65.1616 294.9984  3.92402868208407
1 26900U 01039A   26240.38654345 -.00000281  00000+0  00000+0 0  9992
2 26900   6.2941  70.8710 0004190  85.0185 269.7807  1.00271568 91419
1 26931U 01043C   26239.47088256  .00000102  00000+0  69148-4 0  9995
2 26931  67.0498  59.8954 0005645 270.5847  89.4608 14.31978587300652
1 26958U 01049B   26240.61274703  .00001136  00000+0  76680-4 0  9999
2 26958  97.9620 251.6967 0053023 236.9814 122.6312 15.07759053354536
1 26998U 01055B   26240.52987007  .00000907  00000+0  85606-4 0  9991
2 26998  74.0659  89.3436 0002264 252.5107 107.5830 14.95426658341637
1 27004U 01056D   26240.08066892 -.00000030  00000+0  18828-4 0  9992
2 27004  99.8129  58.3148 0019318 320.7861 156.1680 13.70265067236039
1 27056U 01058B   26240.60340047 -.00000063  00000+0 -41968-3 0  9993
2 27056  82.5409 173.5485 0007505  71.2605  14.7668 12.60565779134908
1 27057U 01058C   26240.25611289  .00000016  00000+0  28240-4 0  9999
2 27057  82.5480 168.0440 0001004  67.3173 292.8024 12.61617167135593
1 27168U 02001A   26240.54296005  .00000102  00000+0  00000+0 0  9993
2 27168  11.2658  21.4458 0098145  10.0026 159.7204  1.00273528 33685
1 27380U 02007A   26240.39027014 -.00000223  00000+0  00000+0 0  9995
2 27380   7.0931  68.2881 0003294  75.7820 301.5462  1.00270394 52499
1 27424U 02022A   26240.60492009  .00000648  00000+0  13864-3 0  9991
2 27424  98.4357 211.3627 0001801  80.9766  46.5538 14.62181951293851
1 27426U 02023A   26240.63855104 -.00000055  00000+0  00000+0 0  9993
2 27426   5.0557  74.3745 0003347  92.0483 290.2233  1.00272060 88856
1 27438U 02027A   26240.60738767  .00000096  00000+0  00000+0 0  9996
2 27438   6.9284  68.8970 0003071 104.3161 245.0877  1.00273139 52084
1 27445U 02030A   26240.53778174 -.00000151  00000+0  00000+0 0  9999
2 27445   3.9181  77.0493 0001627  43.5394 314.9229  1.00271894 47216
1 27464U 02036A   26240.62931336  .00000005  00000+0 -36194-4 0  9993
2 27464  82.4852 299.6629 0026704  99.9791 260.4305 12.44624732 96684
1 27465U 02036B   26240.62722236  .00000018  00000+0  56757-4 0  9991
2 27465  82.4842 296.1668 0027573  94.1474 266.2759 12.44947472 96865
1 27513U 02041A   26240.55180008  .00000015  00000+0  00000+0 0  9990
2 27513   5.9807  72.0001 0002513  86.8424  80.7240  1.00272198 87750
1 27606U 02058B   26239.85733389  .00000621  00000+0  10273-3 0  9998
2 27606  64.5548  31.0306 0086213 255.9650 103.1857 14.77100433272680
1 27607U 02058C   26240.50684806  .00000812  00000+0  11310-3 0  9997
2 27607  64.5507 265.2064 0072907 249.2044 110.1241 14.83182058275189
1 27612U 02058H   26240.32276238  .00000526  00000+0  77047-4 0  9991
2 27612  64.5533  97.6002 0048844 237.0233 122.6174 14.85577859278344
1 27632U 02062A   26240.59215846 -.00000065  00000+0  00000+0 0  9994
2 27632   9.6074  56.1046 0005604 101.6607 283.0429  1.00271946 44912
1 27640U 03001A   26240.49380547  .00000099  00000+0  67099-4 0  9999
2 27640  98.7162 246.2848 0014185   9.6868 350.4579 14.19962376224485
1 27651U 03004A   26239.92491935  .00002956  00000+0  22006-3 0  9996
2 27651  39.9895 212.2777 0018117 210.7151 149.2584 15.04034110282700
1 27663U 03005A   26240.64982615  .00000038  00000+0  00000+0 0  9996
2 27663  54.8724 212.0913 0149601  53.4662 126.9309  2.00556650172763
1 27691U 03008A   26240.59662627  .00000010  00000+0  00000+0 0  9992
2 27691  11.1008  42.7351 0002682 290.7262  96.0024  1.00274334  7503
1 27704U 03010A   26240.35864105 -.00000063  00000+0  00000+0 0  9998
2 27704  54.7636 322.5175 0006151 250.5773 137.0820  1.91454933171313
1 27711U 03012A   26240.47001472 -.00000191  00000+0  00000+0 0  9993
2 27711  12.4567  29.2330 0097115  11.4230 257.4144  1.00271235 33675
1 27718U 03014A   26240.52713558 -.00000220  00000+0  00000+0 0  9996
2 27718   4.8835  74.8043 0002678  85.2981 153.9716  1.00271326 46023
1 27811U 03020A   26240.32318986 -.00000081  00000+0  00000+0 0  9996
2 27811   7.5272  66.9936 0006684 126.0427 249.8771  1.00272695 43578
1 27825U 03026A   26240.54781339  .00000129  00000+0  00000+0 0  9999
2 27825   8.9493  31.6140 0001253  45.3550 141.0170  1.00272190 85073
1 27831U 03028B   26240.62911609 -.00000149  00000+0  00000+0 0  9995
2 27831   7.0640  68.5026 0005552  90.3052 200.2277  1.00270105 53782
1 27843U 03031D   26240.29724245  .00000045  00000+0  40837-4 0  9994
2 27843  98.7077 247.0255 0010716  48.8250 311.3850 14.21334968200959
1 27844U 03031E   26240.46180774  .00000240  00000+0  12254-3 0  9995
2 27844  98.6767 248.1213 0009161 343.0943  16.9929 14.24373406201962
1 27848U 03031J   26240.48667683  .00000192  00000+0  10327-3 0  9995
2 27848  98.6795 247.7999 0009491   2.1243 357.9974 14.23653284201664
1 27858U 03036A   26239.46759220  .00000655  00000+0  88154-4 0  9994
2 27858  73.9305  29.7054 0006118  74.0837 286.1014 14.81521082242003
1 27868U 03037A   26240.61838869  .00000091  00000+0  56692-3 0  9997
2 27868  82.4690 284.4367 0020304 255.8992 103.9832 12.45191759 46555
1 27869U 03037B   26240.56262957  .00000045  00000+0  24461-3 0  9999
2 27869  82.4675 280.8182 0021102 250.9697 108.9098 12.45504690 46785
1 27875U 03040A   26240.11616307  .00000130  00000+0  00000+0 0  9997
2 27875  10.6492  47.2418 0001449 103.6314 251.5325  1.00277421 33716
1 27939U 03042A   26240.60438907  .00000334  00000+0  59594-4 0  9995
2 27939  98.3481  67.0254 0012174  43.8711  46.3389 14.73576323226215
1 27944U 03042F   26240.56894290  .00000032  00000+0  15831-4 0  9998
2 27944  98.4241  44.3275 0012527 165.0195 195.1380 14.63879186223956
1 27954U 03044A   26240.60188134  .00000133  00000+0  00000+0 0  9998
2 27954   1.6006  82.8509 0002043  75.1169 245.5150  1.00273224 47297
1 28054U 03048A   26240.60910036  .00000039  00000+0  43816-4 0  9990
2 28054  98.9879 264.9106 0006117 307.9434 166.1596 14.14488249179729
1 28058U 03049B   26240.63178190  .00000189  00000+0  62322-4 0  9994
2 28058  98.4976 140.1959 0011844 328.3699  31.6781 14.48614269206767
1 28089U 03053A   26240.64265162 -.00000077  00000+0  00000+0 0  9997
2 28089   6.5202  70.0350 0003828  91.4915 210.2873  1.00271660 83422
1 28117U 03057A   26240.41150355 -.00000099  00000+0  00000+0 0  9999
2 28117   8.9970  33.4306 0003479 140.0567  26.7534  1.00271605 83177
1 28129U 03058A   26239.14935429 -.00000072  00000+0  00000+0 0  9995
2 28129  55.0677  20.6457 0000780 293.5677  66.4309  1.92678488165836
1 28158U 04004A   26240.36979267 -.00000291  00000+0  00000+0 0  9996
2 28158  12.1584  25.5180 0001939 298.3273  96.8268  1.00270147 33663
1 28184U 04007A   26240.55119340  .00000042  00000+0  00000+0 0  9990
2 28184   6.2188  71.0955 0005097  88.6666  76.4115  1.00270356 53060
1 28190U 04009A   26235.20461462  .00000024  00000+0  00000+0 0  9990
2 28190  54.7772 272.9743 0118233 175.9321 184.6696  2.00552466164296
1 28220U 04012A   26240.23415334  .00013140  00000+0  38338-3 0  9996
2 28220  97.8656 323.0617 0006607 119.5373 240.6529 15.35466523222146
1 28358U 04022A   26240.32500987 -.00000011  00000+0  00000+0 0  9993
2 28358   0.0575 268.7159 0000220 283.5420 260.3047  1.00271815 81276
1 28361U 04023A   26240.20384564  .00000024  00000+0  00000+0 0  9999
2 28361  54.9157  83.8028 0158732 303.8097 247.9677  2.00560304162481
1 28366U 04025A   26240.29947710  .00000094  00000+0  42037-4 0  9991
2 28366  98.1100  42.2285 0106233  33.0402 327.7364 14.38063114162008
1 28369U 04025D   26240.47370260  .00000260  00000+0  70630-4 0  9999
2 28369  98.5790 252.5645 0032543 160.0254 200.2225 14.55517212174640
1 28370U 04025E   26240.51220297  .00000261  00000+0  78517-4 0  9993
2 28370  98.6654 254.8060 0056386  41.5423 319.0035 14.50016642170583
1 28371U 04025F   26239.46506843  .00000263  00000+0  69653-4 0  9993
2 28371  98.5555 241.3048 0025929  78.4464 281.9642 14.56717973176121
1 28372U 04025G   26239.97170071  .00000205  00000+0  62631-4 0  9995
2 28372  98.6322 252.6582 0043428 297.7170  61.9622 14.51811910172320
1 28376U 04026A   26240.56336633  .00000638  00000+0  13871-3 0  9996
2 28376  98.3482 197.6426 0001690  77.7034 282.4356 14.61420871176784
1 28378U 04027A   26240.61715870 -.00000049  00000+0  00000+0 0  9992
2 28378   3.4680  78.4819 0003192  69.1262 300.3058  1.00271817 41998
1 28380U 04028A   26239.45533441  .00000033  00000+0  17944-4 0  9990
2 28380  82.9619  22.0362 0040303  54.3307   7.9862 13.76338964109681
1 28413U 04035A   26240.52107226  .00005895  00000+0  28581-3 0  9992
2 28413  97.5833 267.8533 0004505 234.3285 125.7530 15.18899450198449
1 28414U 04035B   26240.64692609  .00003417  00000+0  23378-3 0  9997
2 28414  97.6052 257.6066 0002867 244.6710 115.4220 15.06779028197736
1 28419U 04037A   26240.61478750  .00000097  00000+0  60637-3 0  9990
2 28419  82.4820 280.4932 0017220 108.8615 251.4335 12.45681826996920
1 28420U 04037B   26240.59572124  .00000043  00000+0  23193-3 0  9996
2 28420  82.4828 283.7640 0014769 119.3205 240.9354 12.45324490996564
1 28446U 04041A   26240.64864997 -.00000088  00000+0  00000+0 0  9995
2 28446   0.0644 286.2499 0002229 216.4889 322.5998  1.00271087 80038
1 28470U 04044A   26240.30085227  .00002913  00000+0  13751-3 0  9998
2 28470  97.2857  31.3246 0032059 330.7070  29.2366 15.19778748198732
1 28474U 04045A   26240.12085307 -.00000060  00000+0  00000+0 0  9993
2 28474  55.0891 321.9966 0171401 318.1356  57.8206  2.00559110159873
1 28485U 04047A   26240.58614072  .00114387  00000+0  67047-3 0  9999
2 28485  20.5521 343.2898 0000442 169.3886 190.6571 15.76533370198278
1 28493U 04049B   26240.29635908  .00000834  00000+0  11681-3 0  9993
2 28493  98.2377  18.7666 0005216  68.9014 291.2755 14.80282083166112
1 28521U 05002A   26240.33945487  .00000054  00000+0  31656-4 0  9995
2 28521  82.9540 349.0660 0041369 122.7091 237.8072 13.87932683 93822
1 28526U 05003A   26240.38905679 -.00000249  00000+0  00000+0 0  9996
2 28526   6.6247  69.5497 0003035  86.6149 283.0714  1.00272667 53885
1 28628U 05009A   26240.62878753  .00000036  00000+0  00000+0 0  9997
2 28628   5.2668  42.7970 0002810 121.8019 216.7302  1.00271869 78399
1 28649U 05017A   26240.01462250  .00001299  00000+0  13602-3 0  9991
2 28649  97.5303 259.8238 0001900 123.5934 236.5467 14.91207590154520
1 28659U 05019A   26240.60268951  .00000000  00000+0  00000+0 0  9994
2 28659   0.0244 145.1421 0003168  23.2959 266.2967  1.00270568 77795
1 28702U 05022A   26240.39105014 -.00000199  00000+0  00000+0 0  9993
2 28702   3.4774  78.0072 0002506  80.2710 292.0255  1.00273460 52703
1 28737U 05024A   26240.34305647  .00006148  00000+0  26796-3 0  9995
2 28737  97.7250 272.4241 0016558 136.7565 223.4974 15.22455691159005
1 28786U 05028A   26240.56274490 -.00000362  00000+0  00000+0 0  9997
2 28786   0.4250  84.9926 0000945  51.3521 162.5377  1.00271626 52976
1 28810U 05031B   26240.29869182  .00004799  00000+0  28661-3 0  9991
2 28810  98.0228   7.7728 0018382 223.8225 136.1546 15.11494023141885
1 28868U 05036A   26240.64927064 -.00000073  00000+0  00000+0 0  9997
2 28868   4.4911  75.6441 0003342  50.4856 337.1869  1.00272155 47180
1 28874U 05038A   26240.24520250  .00000028  00000+0  00000+0 0  9997
2 28874  54.8236 270.2635 0128679 297.1335 134.0104  2.00560769153284
1 28885U 05041B   26240.54833340  .00000131  00000+0  00000+0 0  9998
2 28885   4.8201  74.9113 0002357  79.0216  66.8880  1.00269812 76474
1 28890U 05043A   26240.62025730  .00000479  00000+0  10162-3 0  9990
2 28890  98.3012  14.2752 0015769  57.9185 302.3545 14.63570045111242
1 28893U 05043D   26240.62938695  .00000263  00000+0  59393-4 0  9997
2 28893  98.2959  15.4169 0015424  52.9083 307.3526 14.64200643111125
1 28895U 05043F   26239.67412149  .00001237  00000+0  20169-3 0  9993
2 28895  98.3076  36.8420 0013541 343.9896  16.0881 14.72792749112275
1 28899U 05044A   26240.57932764 -.00000257  00000+0  00000+0 0  9999
2 28899   5.1874  43.7073 0002480 112.0131 173.1476  1.00272156 76242
1 28908U 05048A   26240.48887787  .00000028  00000+0  10852-3 0  9993
2 28908  82.4635 261.4182 0008128  17.9489 136.2736 12.55603081947973
1 28912U 05049B   26240.09905865  .00000127  00000+0  00000+0 0  9994
2 28912   9.5192  53.4340 0001884 356.8396   7.5163  1.00267145  7724
1 28924U 05052A   26240.62234972  .00000010  00000+0  00000+0 0  9995
2 28924   4.3945  75.5957 0006115  79.3801 219.9338  1.00269774 53055
1 28935U 06003A   26240.61784691 -.00000055  00000+0  00000+0 0  9991
2 28935   0.0645 289.5647 0002036 189.6686 329.8347  1.00271518 75182
1 28945U 06007A   26240.14960714 -.00000217  00000+0  00000+0 0  9996
2 28945   0.7420  85.3088 0004859  74.4536 200.2601  1.00269734 74936
1 29045U 06010A   26240.63189343 -.00000327  00000+0  00000+0 0  9999
2 29045   1.2884  83.2952 0001569  50.8835 202.2280  1.00271392 74499
1 29055U 06012A   26240.54287338  .00000120  00000+0  00000+0 0  9995
2 29055   0.6533  82.9088 0003490  74.4759  33.8114  1.00272944 46422
1 29228U 06021A   26240.47849966  .00001802  00000+0  10660-3 0  9995
2 29228  69.9314 152.3848 0005620 228.2902 131.7784 15.13460017113516
1 29236U 06023A   26240.58783253 -.00000126  00000+0  00000+0 0  9996
2 29236   0.0135 156.5562 0002816   1.6257 291.2468  1.00272614 73691
1 29268U 06031A   26240.64430861  .00000269  00000+0  58979-4 0  9991
2 29268  97.8329  61.6003 0013787 198.4378 251.2529 14.64696800 72086
1 29270U 06032A   26240.54564672  .00000156  00000+0  00000+0 0  9994
2 29270   1.8411  81.3577 0003371  75.6412  49.2899  1.00273635 48030
1 29272U 06033A   26240.56439156 -.00000344  00000+0  00000+0 0  9997
2 29272   0.0556 282.4181 0002689 244.2328 141.3083  1.00270277 48464
1 29349U 06034A   26240.56144488 -.00000357  00000+0  00000+0 0  9998
2 29349   1.9640  82.0062 0001925 128.5332  81.4263  1.00273848 42045
1 29479U 06041A   26240.60750219  .00000586  00000+0  10887-3 0  9991
2 29479  98.0555 255.6966 0018715  60.7474 299.5599 14.68705091 65509
1 29486U 06042A   26240.52367184  .00000019  00000+0  00000+0 0  9999
2 29486  54.7142 148.4662 0108402  56.5813 115.4083  2.00565999145847
1 29494U 06043A   26240.58921995 -.00000112  00000+0  00000+0 0  9996
2 29494   2.6001  79.9760 0003967  66.8158 300.9435  1.00272303 52117
1 29495U 06043B   26240.54063374 -.00000182  00000+0  00000+0 0  9998
2 29495   3.2137  78.7185 0003757  78.0346 166.6027  1.00271058 72846
1 29505U 06046A   26240.56798196  .00005909  00000+0  29691-3 0  9994
2 29505  97.6315 282.1946 0001430 222.5316 137.5806 15.17654820 83241
1 29506U 06046B   26240.58862720  .00000174  00000+0  18149-4 0  9998
2 29506  97.7047 269.1734 0015464 176.8092 183.3234 15.01472678 81603
1 29522U 06050A   26240.57785531  .00000069  00000+0  58040-4 0  9991
2 29522  98.7417 245.6781 0009484 203.3832 156.6912 14.15003111 22660
1 29526U 06051A   26240.54590672  .00000157  00000+0  00000+0 0  9999
2 29526   2.1841  80.2589 0005045  76.7127  50.8248  1.00269259 51993
1 29601U 06052A   26240.21480348  .00000035  00000+0  00000+0 0  9991
2 29601  54.9270 211.1525 0085137  91.1083 269.8389  2.00562058144855
1 29643U 06054A   26240.48915720 -.00000154  00000+0  00000+0 0  9998
2 29643   2.9824  79.5410 0004829  86.5172  94.8966  0.99175184 54510
1 29709U 07001A   26240.57369507  .00001055  00000+0  12723-3 0  9999
2 29709  98.1387 241.4492 0011124 316.0765  43.9564 14.86016596 61901
1 30580U 07004A   26227.58693813 -.00000552  00000+0  00000+0 0  9990
2 30580   9.0460 104.5165 8346809 210.9785  47.8840  0.87844134 41802
1 30794U 07007B   26240.63825115 -.00000269  00000+0  00000+0 0  9998
2 30794   5.4794  72.8233 0003295  88.1223 140.8835  1.00274340 71426
1 30797U 07004D   26233.88928241 -.00000673  00000+0  00000+0 0  9990
2 30797   8.0978  76.8032 8313213 241.6032 117.8063  0.87844579 41659
1 30798U 07004E   26236.20041241 -.00000655  00000+0  00000+0 0  9996
2 30798   6.9581  93.2080 8425616 228.7216  16.8816  0.87839742 66516
1 31102U 07009A   26240.59548126  .00000000  00000+0  00000+0 0  9995
2 31102   1.3774  82.9018 0002756  69.4163 280.1643  1.00271932 47288
1 31113U 07010A   26239.88243874  .00000084  00000+0  47578-4 0  9999
2 31113  98.3572 218.9721 0013441 354.6494   5.4544 14.31042347 10892
1 31118U 07012B   26240.34004782  .00000247  00000+0  47984-4 0  9994
2 31118  98.1512 190.8082 0014701   3.7113 356.4199 14.71462126 38358
1 31119U 07012C   26240.18109955  .00000561  00000+0  10942-3 0  9997
2 31119  98.3860 215.8167 0055048 332.1867  27.6395 14.66184216 32986
1 31121U 07012E   26239.71825676  .00000523  00000+0  10912-3 0  9997
2 31121  98.4178 208.5950 0072928 103.8413 257.0916 14.62615441 30641
1 31124U 07012H   26240.25817283  .00000435  00000+0  83725-4 0  9991
2 31124  98.3571 216.6300 0045950 258.6919 100.9120 14.68240726 34175
1 31125U 07012J   26239.88964362  .00000600  00000+0  10591-3 0  9994
2 31125  98.3224 216.7966 0038863 183.2927 176.8029 14.70798945 35363
1 31127U 07012L   26238.66235374  .00000636  00000+0  12607-3 0  9994
2 31127  98.4062 212.6969 0064222  39.1749 321.4076 14.64574277 31609
